40 24
20 10 0
10 10 0
40 50 0
70 10 0
60 10 0
50 20 0
30 20 0
35 30 0
45 30 0
40 40 0
90 10 0
80 10 0
80 50 0
110 40 0
140 50 0
140 10 0
130 10 0
130 35 0
110 30 0
90 35 0
20 10 10
10 10 10
40 50 10
70 10 10
60 10 10
50 20 10
30 20 10
35 30 10
45 30 10
40 40 10
90 10 10
80 10 10
80 50 10
110 40 10
140 50 10
140 10 10
130 10 10
130 35 10
110 30 10
90 35 10
7	0 1 2 3 4 5 6
7	20 21 22 23 24 25 26
3	7 8 9
3	27 28 29
4	8 28 29 9
4	7 27 29 9
4	7 27 28 8
4	5 25 26 6
4	1 21 22 2
4	3 23 22 2
4	1 21 20 0
4	3 23 24 4
4	0 6 26 20
10	10 11 12 13 14 15 16 17 18 19
10	30 31 32 33 34 35 36 37 38 39
4	11 12 32 31
4	14 15 35 34
4	11 31 30 10
4 	16 36 35 15
4	10 19 39 30
4	16 17 37 36
6	19 18 17 37 38 39
6	12 13 14 34 33 32
